# Opmerking: door stationsverplaatsingen en veranderingen in waarneemmethodieken zijn deze tijdreeksen van uurwaarden mogelijk inhomogeen! Dat betekent dat deze reeks van gemeten waarden niet geschikt is voor trendanalyse. Voor studies naar klimaatverandering verwijzen we naar de gehomogeniseerde dagreeksen <http://www.knmi.nl/nederland-nu/klimatologie/daggegevens> of de Centraal Nederland Temperatuur <http://www.knmi.nl/kennis-en-datacentrum/achtergrond/centraal-nederland-temperatuur-cnt>.
# 
# SOURCE: ROYAL NETHERLANDS METEOROLOGICAL INSTITUTE (KNMI)
# Comment: These time series are inhomogeneous because of station relocations and changes in observation techniques. As a result these series are not suitable for trend analysis. For climate change studies we refer to the homogenized series of daily data <http://www.knmi.nl/nederland-nu/klimatologie/daggegevens> or the Central Netherlands Temperature <http://www.knmi.nl/kennis-en-datacentrum/achtergrond/centraal-nederland-temperatuur-cnt>.
# 
# STN         LON(east)   LAT(north)  ALT(m)      NAME
# 260         5.180       52.100      1.90        De Bilt     
# TG        : Etmaalgemiddelde temperatuur (in 0.1 graden Celsius) / Daily mean temperature in (0.1 degrees Celsius)
# TN        : Minimum temperatuur (in 0.1 graden Celsius) / Minimum temperature (in 0.1 degrees Celsius)
# TX        : Maximum temperatuur (in 0.1 graden Celsius) / Maximum temperature (in 0.1 degrees Celsius)
# T10N      : Minimum temperatuur op 10 cm hoogte (in 0.1 graden Celsius) / Minimum temperature at 10 cm above surface (in 0.1 degrees Celsius)
# STN,YYYYMMDD,   TG,   TN,   TX, T10N
  260,20240818,  170,  106,  233,   82
  260,20240819,  171,   93,  229,   67
  260,20240820,  180,  128,  239,  111
  260,20240821,  161,  123,  199,  100
  260,20240822,  189,  140,  227,  133
  260,20240823,  188,  127,  234,  101
  260,20240824,  190,  150,  271,  137
  260,20240825,  164,  131,  204,  116
  260,20240826,  166,  116,  219,   87
  260,20240827,  173,   97,  248,   71
  260,20240828,  201,   99,  287,   77
  260,20240829,  193,  136,  258,  113
  260,20240830,  178,  129,  228,  113
  260,20240831,  184,  151,  231,  144
  260,20240901,  224,  148,  298,  136
  260,20240902,  228,  168,  290,  150
  260,20240903,  197,  160,  235,  143
  260,20240904,  180,  147,  216,  130
  260,20240905,  222,  142,  287,  127
  260,20240906,  215,  176,  272,  145
  260,20240907,  213,  173,  263,  164
  260,20240908,  183,  121,  219,   98
  260,20240909,  162,  118,  220,   97
  260,20240910,  144,  105,  168,  101
  260,20240911,  110,   78,  151,   66
  260,20240912,  101,   54,  154,   35
  260,20240913,  106,   47,  170,   22
  260,20240914,  106,   34,  181,   15
  260,20240915,  133,   57,  190,   39
  260,20240916,  140,   86,  193,   70
  260,20240917,  163,   97,  200,   71
  260,20240918,  169,  133,  220,  116
  260,20240919,  170,  143,  224,  119
  260,20240920,  178,  142,  228,  118
  260,20240921,  166,  102,  244,   74
  260,20240922,  170,   99,  240,   77
  260,20240923,  166,  125,  214,  103
  260,20240924,  143,  107,  194,   89
  260,20240925,  151,  138,  181,  130
  260,20240926,  156,  138,  193,  129
  260,20240927,  122,   90,  149,   71
  260,20240928,  103,   66,  149,   55
  260,20240929,   98,   44,  143,   28
  260,20240930,  120,   87,  148,   71
  260,20241001,  129,  116,  144,  115
  260,20241002,  109,   82,  122,   63
  260,20241003,   93,   35,  151,   24
  260,20241004,   75,   13,  160,    4
  260,20241005,   81,    9,  154,    4
  260,20241006,  110,   41,  155,   17
  260,20241007,  154,  127,  188,  123
  260,20241008,  159,  131,  182,  112
  260,20241009,  140,  122,  160,  119
  260,20241010,  118,   80,  146,   76
  260,20241011,   77,   20,  131,   17
  260,20241012,   87,   17,  122,   12
  260,20241013,  101,   71,  135,   66
  260,20241014,   72,   21,  121,    9
  260,20241015,   97,   34,  145,   12
  260,20241016,  156,  113,  204,  103
  260,20241017,  168,  147,  200,  134
  260,20241018,  153,  126,  176,  110
  260,20241019,  147,  135,  159,  133
  260,20241020,  155,  135,  179,  134
  260,20241021,  139,  105,  153,  105
  260,20241022,  122,   91,  165,   71
  260,20241023,  101,   63,  153,   43
  260,20241024,  100,   40,  146,    9
  260,20241025,  133,   91,  188,   72
  260,20241026,  139,   86,  193,   69
  260,20241027,  124,   64,  170,   39
  260,20241028,  123,   78,  146,   50
  260,20241029,  134,  126,  140,  124
  260,20241030,  130,  120,  150,  119
  260,20241031,  115,   52,  148,   35
  260,20241101,  103,   49,  116,   32
  260,20241102,   93,   27,  130,    4
  260,20241103,   57,    4,  134,  -14
  260,20241104,   70,    6,  137,  -15
  260,20241105,   59,    2,  117,  -15
  260,20241106,   82,   64,   99,   66
  260,20241107,   53,   32,   76,   36
  260,20241108,   48,   40,   54,   40
  260,20241109,   66,   51,   77,   49
  260,20241110,   90,   74,  111,   59
  260,20241111,  103,   82,  136,   73
  260,20241112,   79,   24,  109,    8
  260,20241113,   83,   30,  119,   24
  260,20241114,   96,   63,  116,   55
  260,20241115,   85,   42,  102,   30
  260,20241116,   86,   77,   92,   69
  260,20241117,   74,   43,   97,   34
  260,20241118,   51,   34,   79,   24
  260,20241119,   32,    4,   55,  -12
  260,20241120,   26,    8,   57,   -5
  260,20241121,    9,  -28,   47,  -56
  260,20241122,   33,    0,   62,  -10
  260,20241123,   47,   12,  100,    7
  260,20241124,  143,   93,  171,   90
  260,20241125,  119,   78,  165,   69
  260,20241126,   73,   27,  101,    5
  260,20241127,   77,   31,  113,   15
  260,20241128,   67,   42,  102,   29
  260,20241129,   34,   -9,   76,  -42
  260,20241130,   41,    6,   68,   -5
  260,20241201,   57,   15,   85,    6
  260,20241202,   96,   76,  115,   72
  260,20241203,   57,   12,   84,  -13
  260,20241204,   39,   -7,   55,  -36
  260,20241205,   70,   47,  114,   46
  260,20241206,   84,   49,  111,   41
  260,20241207,   77,   59,  105,   56
  260,20241208,   65,   57,   71,   52
  260,20241209,   62,   55,   69,   53
  260,20241210,   50,   46,   57,   44
  260,20241211,   34,   24,   46,   18
  260,20241212,   34,   25,   45,   26
  260,20241213,   17,    4,   32,    6
  260,20241214,   40,   17,   62,   16
  260,20241215,   80,   38,  109,   27
  260,20241216,   98,   85,  111,   79
  260,20241217,   81,   71,   94,   60
  260,20241218,  106,   64,  130,   61
  260,20241219,   78,   44,  135,   36
  260,20241220,   59,   39,   74,   17
  260,20241221,   82,   69,  104,   63
  260,20241222,   56,   33,   94,   27
  260,20241223,   61,   30,   85,   10
  260,20241224,   56,   25,   81,    1
  260,20241225,   88,   80,   96,   80
  260,20241226,   64,   38,   82,   41
  260,20241227,   25,   -1,   42,  -18
  260,20241228,   10,   -2,   27,    1
  260,20241229,   40,   27,   51,   27
  260,20241230,   69,   46,   82,   46
  260,20241231,   46,   22,   80,   23
  260,20250101,   78,   48,   99,   47
  260,20250102,   29,   -1,   67,  -25
  260,20250103,   22,    1,   41,  -22
  260,20250104,   19,    4,   34,   -6
  260,20250105,   54,   -1,  116,    1
  260,20250106,   86,   42,  124,   34
  260,20250107,   36,   24,   54,   21
  260,20250108,   25,   12,   40,   -7
  260,20250109,   21,  -10,   63,  -26
  260,20250110,   22,  -24,   53,  -46
  260,20250111,    5,  -45,   58,  -70
  260,20250112,   17,   -6,   60,  -27
  260,20250113,    5,  -33,   52,  -57
  260,20250114,   28,  -16,   57,  -30
  260,20250115,   66,   56,   73,   56
  260,20250116,   34,   12,   62,   14
  260,20250117,    1,  -20,   22,  -15
  260,20250118,  -13,  -22,   -7,  -18
  260,20250119,  -10,  -17,   -7,  -14
  260,20250120,   -3,  -16,    4,  -13
  260,20250121,   -5,  -16,    1,  -31
  260,20250122,   21,  -13,   45,  -25
  260,20250123,   55,   40,   72,   33
  260,20250124,   76,   53,   95,   43
  260,20250125,   50,   20,   72,   11
  260,20250126,   38,   20,   60,   12
  260,20250127,   91,   60,  121,   54
  260,20250128,   79,   58,   93,   47
  260,20250129,   72,   52,   84,   41
  260,20250130,   52,   19,   72,   -7
  260,20250131,   17,  -25,   65,  -52
  260,20250201,    0,  -38,   65,  -66
  260,20250202,  -13,  -54,   44,  -84
  260,20250203,    4,  -51,   61,  -80
  260,20250204,   26,  -22,   53,  -47
  260,20250205,   49,   21,   78,   15
  260,20250206,   40,   15,   81,    6
  260,20250207,   33,   15,   46,    7
  260,20250208,   40,   15,   70,   -8
  260,20250209,   35,   17,   61,   -7
  260,20250210,   18,    5,   33,   -3
  260,20250211,   31,   10,   42,    8
  260,20250212,   38,   23,   67,   23
  260,20250213,    4,  -32,   27,  -53
  260,20250214,    0,  -42,   30,  -64
  260,20250215,   15,   -5,   37,  -18
  260,20250216,    3,  -32,   44,  -57
  260,20250217,  -14,  -52,   32,  -75
  260,20250218,   -9,  -49,   33,  -62
  260,20250219,   14,  -16,   50,  -26
  260,20250220,   71,    6,  112,   -3
  260,20250221,  130,   90,  179,   83
  260,20250222,  101,   76,  119,   67
  260,20250223,  104,   71,  147,   72
  260,20250224,  108,   91,  122,   80
  260,20250225,   88,   67,  112,   65
  260,20250226,   75,   40,  113,   10
  260,20250227,   59,   39,   85,   29
  260,20250228,   48,    9,   72,  -23
  260,20250301,   34,  -17,   79,  -43
  260,20250302,   18,  -32,   98,  -59
  260,20250303,   23,  -43,  106,  -70
  260,20250304,   31,  -40,  123,  -63
  260,20250305,   54,  -29,  155,  -61
  260,20250306,   74,  -14,  178,  -49
  260,20250307,   95,   28,  181,  -19
  260,20250308,  102,    9,  196,  -26
  260,20250309,   90,    5,  182,  -31
  260,20250310,   85,    1,  170,  -40
  260,20250311,   56,   10,   92,  -28
  260,20250312,   42,  -14,   92,  -46
  260,20250313,   29,  -28,   80,  -63
  260,20250314,   24,  -37,   75,  -72
  260,20250315,   35,    2,   77,  -21
  260,20250316,   47,  -14,   92,  -37
  260,20250317,   59,   16,  101,   -6
  260,20250318,   49,  -15,  116,  -65
  260,20250319,   69,  -34,  175,  -81
  260,20250320,  104,   14,  184,  -28
  260,20250321,  150,   52,  219,   -4
  260,20250322,  149,  107,  185,   75
  260,20250323,  133,   97,  177,   72
  260,20250324,   94,   54,  149,   23
  260,20250325,   84,   56,  131,   48
  260,20250326,   79,    8,  128,  -25
  260,20250327,   70,  -14,  162,  -46
  260,20250328,   70,    4,  120,  -40
  260,20250329,   79,   26,  121,   -9
  260,20250330,  100,   71,  131,   69
  260,20250331,   85,   34,  125,    6
  260,20250401,   84,   18,  143,  -24
  260,20250402,  121,   58,  180,   40
  260,20250403,  141,   88,  201,   38
  260,20250404,  139,   26,  223,  -10
  260,20250405,  103,   53,  163,   32
  260,20250406,   78,   34,  126,  -14
  260,20250407,   81,    7,  143,  -30
  260,20250408,   88,   18,  158,  -22
  260,20250409,   78,   31,  125,   10
  260,20250410,   96,   40,  144,    4
  260,20250411,  104,   11,  184,  -21
  260,20250412,  152,   33,  228,    2
  260,20250413,  139,  103,  169,   78
  260,20250414,  128,   89,  174,   83
  260,20250415,  142,   91,  216,   63
  260,20250416,  108,   90,  126,   79
  260,20250417,  104,   85,  129,   74
  260,20250418,   99,   53,  155,   15
  260,20250419,   96,   33,  151,    5
  260,20250420,  106,   37,  170,   12
  260,20250421,  113,   88,  151,   64
  260,20250422,  119,   70,  170,   48
  260,20250423,  121,   73,  150,   58
  260,20250424,  110,   93,  130,   88
  260,20250425,  100,   55,  146,   22
  260,20250426,  114,   53,  185,   33
  260,20250427,  129,   39,  205,   11
  260,20250428,  134,   38,  211,    3
  260,20250429,  151,   51,  224,   20
  260,20250430,  171,   79,  250,   44
  260,20250501,  186,   80,  274,   49
  260,20250502,  180,  110,  259,   77
  260,20250503,  126,   82,  182,   62
  260,20250504,  100,   51,  137,   25
  260,20250505,   92,   17,  153,   -9
  260,20250506,  101,   60,  135,   28
  260,20250507,  110,   57,  164,   39
  260,20250508,  124,   54,  184,   14
  260,20250509,  134,   20,  201,  -14
  260,20250510,  156,   47,  223,    7
  260,20250511,  182,   95,  246,   53
  260,20250512,  184,  112,  245,   61
  260,20250513,  171,  105,  231,   75
  260,20250514,  142,   95,  202,   69
  260,20250515,  140,   89,  191,   70
  260,20250516,  114,   33,  176,   -4
  260,20250517,  129,   52,  190,   22
  260,20250518,  136,   68,  186,   40
  260,20250519,  141,   38,  217,    9
  260,20250520,  147,   64,  215,   35
  260,20250521,  127,   61,  183,   29
  260,20250522,  112,   77,  150,   57
  260,20250523,   96,   40,  133,   13
  260,20250524,  126,   47,  152,   21
  260,20250525,  153,  103,  194,   84
  260,20250526,  153,  124,  186,  118
  260,20250527,  143,  124,  184,  121
  260,20250528,  147,   81,  180,   56
  260,20250529,  148,   74,  198,   55
  260,20250530,  172,  113,  228,   93
  260,20250531,  194,   98,  255,   77
  260,20250601,  172,  134,  198,  124
  260,20250602,  145,   74,  197,   41
  260,20250603,  167,   74,  225,   40
  260,20250604,  156,  105,  194,   65
  260,20250605,  153,  118,  189,  106
  260,20250606,  156,  128,  195,  126
  260,20250607,  141,  115,  176,  114
  260,20250608,  128,   97,  150,   80
  260,20250609,  151,  103,  193,   94
  260,20250610,  144,   87,  184,   60
  260,20250611,  147,   58,  210,   34
  260,20250612,  204,  116,  270,  106
  260,20250613,  255,  156,  318,  127
  260,20250614,  227,  173,  273,  161
  260,20250615,  176,  116,  218,   86
  260,20250616,  175,  106,  229,   77
  260,20250617,  182,   90,  259,   61
  260,20250618,  191,  104,  262,   76
  260,20250619,  183,  110,  238,   86
  260,20250620,  189,  102,  259,   68
  260,20250621,  219,  113,  300,   77
  260,20250622,  222,  151,  285,  115
  260,20250623,  183,  163,  203,  156
  260,20250624,  180,  140,  217,  131
  260,20250625,  207,  169,  259,  164
  260,20250626,  198,  171,  235,  162
  260,20250627,  188,  137,  234,  131
  260,20250628,  216,  179,  255,  171
  260,20250629,  219,  156,  269,  135
  260,20250630,  230,  135,  301,  109
  260,20250701,  274,  153,  355,  127
  260,20250702,  232,  160,  338,  151
  260,20250703,  172,   97,  220,   67
  260,20250704,  187,   82,  251,   52
  260,20250705,  185,  168,  214,  159
  260,20250706,  171,  158,  195,  150
  260,20250707,  160,  112,  198,   92
  260,20250708,  152,  108,  190,   83
  260,20250709,  182,  136,  232,  114
  260,20250710,  185,  108,  245,   86
  260,20250711,  191,  123,  245,  100
  260,20250712,  207,  149,  262,  127
  260,20250713,  199,  150,  248,  129
  260,20250714,  204,  145,  251,  126
  260,20250715,  187,  157,  228,  157
  260,20250716,  171,  142,  207,  126
  260,20250717,  180,  107,  235,   82
  260,20250718,  198,  111,  267,   87
  260,20250719,  227,  164,  294,  141
  260,20250720,  203,  164,  259,  139
  260,20250721,  188,  139,  235,  120
  260,20250722,  191,  165,  229,  157
  260,20250723,  192,  141,  230,  122
  260,20250724,  186,  123,  242,   99
  260,20250725,  186,  136,  226,  113
  260,20250726,  194,  120,  260,  100
  260,20250727,  173,  117,  214,   90
  260,20250728,  172,  114,  211,   86
  260,20250729,  180,  138,  223,  122
  260,20250730,  175,  105,  214,   78
  260,20250731,  181,  135,  225,  113
  260,20250801,  169,  142,  203,  134
  260,20250802,  166,  145,  205,  142
  260,20250803,  187,  151,  223,  146
  260,20250804,  198,  161,  242,  149
  260,20250805,  165,  119,  201,  101
  260,20250806,  166,  109,  211,   86
  260,20250807,  191,  127,  240,  117
  260,20250808,  195,  117,  242,   94
  260,20250809,  169,   98,  243,   77
  260,20250810,  177,  100,  246,   78
  260,20250811,  203,  102,  281,   78
  260,20250812,  230,  153,  310,  126
  260,20250813,  234,  145,  312,  129
  260,20250814,  233,  175,  314,  157
  260,20250815,  212,  132,  280,  110
  260,20250816,  175,   96,  210,   70
  260,20250817,  157,   88,  204,   60
